5655654.59 6161974.54
5654616.15 6161151.11
5654268.83 6160725.24
5653889.09 6160347.00
5653863.20 6160085.50
5653842.28 6159834.38
5653800.43 6159662.79
5653787.87 6159545.60
5653889.09 6159450.43
5653985.82 6159353.70
5654067.66 6159271.86
5654179.27 6159167.69
5654275.99 6159070.97
5654410.86 6159036.74
5654650.34 6159010.15
5654752.34 6158992.42
5654827.73 6158965.83
5654894.25 6158930.37
5654982.95 6158877.18
5655124.87 6158841.73
5655280.09 6158815.14
5655355.48 6158797.41
5655408.70 6158797.41
5655439.74 6158770.81
5655479.65 6158744.22
5655497.39 6158668.88
5655563.92 6158584.67
5655639.31 6158575.80
5655816.70 6158504.89
5655914.27 6158504.89
5656091.66 6158456.14
5656198.09 6158367.50
5656308.97 6158292.15
5656393.23 6158176.92
5656450.88 6158110.44
5656592.79 6157942.02
5656663.75 6157853.38
5656765.75 6157769.17
5656814.54 6157729.28
5656898.80 6157649.50
5656978.63 6157543.13
5657049.59 6157494.38
5657102.80 6157379.14
5657164.89 6157268.34
5657204.81 6157210.73
5657209.24 6157135.38
5657249.15 6157029.01
5657306.81 6156931.50
5657346.72 6156802.97
5657408.81 6156687.74
5657386.63 6156506.03
5657367.96 6156440.18
5657345.94 6156404.56
5657319.73 6156368.93
5657291.42 6156306.06
5657272.55 6156257.86
5657265.21 6156200.23
5657245.18 6156165.70
5657219.20 6156126.75
5657196.00 6156094.30
5657167.24 6156064.62
5657162.59 6156025.67
5657339.82 6156037.73
5657419.63 6156059.06
5657536.54 6156060.91
5657610.77 6156075.75
5657711.91 6156076.68
5657817.69 6156039.58
5657882.65 6156000.64
5657917.91 6155948.71
5657938.32 6155861.54
5657961.52 6155781.79
5657973.58 6155714.09
5657964.77 6155689.51
5657964.30 6155661.23
5657966.16 6155638.05
5657974.51 6155573.14
5657979.15 6155522.13
5657960.07 6155410.85
5657907.82 6155339.84
5657805.41 6155295.97
5657688.37 6155237.49
5657629.85 6155133.05
5657636.12 6154982.67
5657715.54 6154911.65
5657838.85 6154882.41
5658049.94 6154832.28
5658247.38 6154775.27
5658216.17 6154556.93
5658236.97 6154390.58
5658321.72 6154252.29
5658401.58 6154167.34
5658491.73 6154123.57
5658563.86 6154054.07
5658556.13 6153961.39
5658540.68 6153894.46
5658525.22 6153776.04
5658471.13 6153600.99
5658321.73 6153446.53
5658195.50 6153397.61
5658092.47 6153379.59
5657904.42 6153320.38
5657824.57 6153147.90
5657806.54 6152975.42
5657912.15 6152862.15
5657994.58 6152813.24
5658040.95 6152761.76
5658058.98 6152684.53
5658092.47 6152571.26
5658141.41 6152486.30
5658154.29 6152383.33
5658156.86 6152280.36
5658141.41 6152216.00
5658113.07 6152082.13
5658172.32 6151999.75
5658265.05 6151930.25
5658396.42 6151891.63
5658499.46 6151783.51
5658571.59 6151711.43
5658672.05 6151556.97
5658749.33 6151487.46
5658860.09 6151353.60
5658885.85 6151330.43
5658914.18 6151248.05
5658860.09 6151150.23
5658749.33 6151088.44
5658635.99 6151057.55
5658550.98 6151031.81
5658471.13 6150977.75
5658401.58 6150962.30
5658350.06 6150908.24
5658350.06 6150802.69
5658380.97 6150673.98
5658411.88 6150586.45
5658447.95 6150455.16
5658478.86 6150313.57
5658540.68 6150190.00
5658563.86 6150056.14
5658579.32 6149919.70
5658563.86 6149860.49
5658502.04 6149811.58
5658347.48 6149780.69
5658236.72 6149711.18
5658087.31 6149623.65
5658015.19 6149569.59
5657829.72 6149538.70
5657644.25 6149474.34
5657592.73 6149412.56
5657600.46 6149260.67
5657626.22 6149204.04
5657646.83 6149152.55
5657670.01 6149054.73
5657631.37 6148918.29
5657597.89 6148833.34
5657556.67 6148797.29
5657466.51 6148735.51
5657440.76 6148678.88
5657329.99 6148606.79
5657244.98 6148498.67
5657255.29 6148344.21
5657306.80 6148153.71
5657407.26 6148025.00
5657466.51 6147919.45
5657502.57 6147860.24
5657579.85 6147741.82
5657685.46 6147649.15
5657785.92 6147502.41
5657770.47 6147332.50
5657762.74 6147206.36
5657757.59 6147095.67
5657762.74 6146874.28
5657778.20 6146750.71
5657785.93 6146603.97
5657773.05 6146459.81
5657729.25 6146374.86
5657698.34 6146271.88
5657664.86 6146181.78
5657623.64 6146040.19
5657615.91 6145955.24
5657615.91 6145857.41
5657667.44 6145749.29
5657693.20 6145669.49
5657757.59 6145581.96
5657883.81 6145458.39
5657901.84 6145358.00
5657932.75 6145291.06
5657977.07 6145164.98
5658030.40 6145067.27
5658038.37 6144912.64
5658021.51 6144765.26
5657963.74 6144587.61
5657888.19 6144409.95
5657865.97 6144258.95
5657812.64 6144107.94
5657732.65 6143948.05
5657559.33 6143837.02
5657417.12 6143765.96
5657341.57 6143730.43
5657092.70 6143703.78
5656799.39 6143686.01
5656728.28 6143632.72
5656741.62 6143304.06
5656750.50 6143126.41
5656839.39 6142913.22
5656852.72 6142708.92
5656830.50 6142562.36
5656750.50 6142469.09
5656617.18 6142353.61
5656599.40 6142278.11
5656643.85 6142135.99
5656706.06 6142056.04
5656741.62 6141971.66
5656777.17 6141829.54
5656777.17 6141540.85
5656728.29 6141349.87
5656723.84 6141123.37
5656714.95 6140839.12
5656728.29 6140732.53
5656803.83 6140452.72
5656914.94 6140292.84
5656955.77 6140204.98
5656613.10 6139953.44
5656298.41 6139712.37
5656120.08 6139569.13
5656106.09 6139469.56
5656036.16 6139308.85
5656029.17 6139162.11
5656008.19 6138693.96
5656085.12 6138533.24
5656120.08 6138386.51
5656141.06 6138253.75
5656029.17 6138225.80
5655903.29 6138218.81
5655770.42 6138211.82
5655693.50 6138141.95
5655483.70 6138072.07
5655287.89 6137960.27
5655085.09 6137883.41
5654644.51 6137799.56
5654371.77 6137513.08
5654203.94 6137324.42
5653994.14 6137135.76
5653987.53 6136891.29
5653129.32 6136788.39
5652570.13 6137036.72
5652060.64 6137471.29
5651600.85 6137818.94
5651141.07 6138017.61
5650942.24 6138116.94
5650706.14 6138030.02
5650358.19 6137905.86
5649848.70 6137856.19
5649451.05 6137769.28
5649078.25 6137707.20
5648780.01 6137831.36
5648407.22 6137930.69
5648234.53 6138031.34
5648443.94 6138438.69
5648646.46 6138792.76
5648773.03 6139121.54
5648654.51 6139564.92
5648621.14 6139880.27
5648621.14 6140335.51
5648673.09 6140619.13
5648924.92 6141195.40
5648899.60 6141675.93
5648742.34 6142097.27
5648508.38 6142442.56
5648501.34 6142452.94
5648449.15 6142671.98
5648438.71 6142932.74
5648304.12 6143708.55
5648276.81 6143715.99
5648198.65 6143721.20
5648016.37 6143712.96
5647828.29 6143757.70
5647595.42 6143865.08
5647540.21 6143943.93
5647481.91 6144029.59
5647375.59 6144146.10
5647279.57 6144310.57
5647269.28 6144440.78
5647308.81 6144589.88
5647317.77 6144688.31
5647299.86 6144840.43
5647317.77 6144965.70
5647380.46 6145144.66
5647407.33 6145252.04
5647434.20 6145431.00
5647461.07 6145654.71
5647416.29 6145842.62
5647389.31 6146061.55
5647413.32 6146219.17
5647416.75 6146332.25
5647440.75 6146493.30
5647447.61 6146602.95
5647355.02 6146925.04
5647316.76 6147225.48
5647224.70 6147068.96
5646905.76 6147082.67
5646682.85 6147137.49
5646449.65 6147192.32
5646309.04 6147254.00
5646240.46 6147346.51
5646185.59 6147473.30
5646168.44 6147582.95
5646168.44 6147702.88
5646161.58 6147747.42
5646147.86 6147791.97
5646099.85 6147863.93
5646092.99 6147925.60
5646058.70 6148007.84
5646007.26 6148093.51
5645938.67 6148162.04
5645846.07 6148223.72
5645804.92 6148268.26
5645787.77 6148347.07
5645770.62 6148439.59
5645726.04 6148576.65
5645681.46 6148669.17
5645640.31 6148751.41
5645606.01 6148833.65
5645592.30 6148939.87
5645568.29 6149039.24
5645558.00 6149210.57
5645554.57 6149361.34
5645561.43 6149436.72
5645599.15 6149515.53
5645630.02 6149611.48
5645643.74 6149755.39
5645636.88 6149902.74
5645592.30 6150002.11
5645564.86 6150060.36
5645530.57 6150115.18
5645475.70 6150146.02
5645472.27 6150221.41
5645489.41 6150293.36
5645534.00 6150385.88
5645551.14 6150454.41
5645592.30 6150536.65
5645640.31 6150615.46
5645736.33 6150697.70
5645770.63 6150711.41
5645828.93 6150738.82
5645935.24 6150800.50
5646014.11 6150882.74
5646007.26 6150992.39
5645962.67 6151088.33
5645911.23 6151184.27
5645894.08 6151293.92
5645890.65 6151386.44
5645876.94 6151492.66
5645842.64 6151581.76
5645808.35 6151681.13
5645801.49 6151746.23
5645808.35 6151835.32
5645832.35 6151876.44
5645839.21 6151920.99
5645852.93 6151965.53
5645842.64 6152020.36
5645825.50 6152095.74
5645804.92 6152153.99
5645798.06 6152253.36
5645801.49 6152380.15
5645846.07 6152452.10
5645904.37 6152537.77
5645918.09 6152609.73
5645959.24 6152709.10
5645979.82 6152781.06
5645993.54 6152935.25
5646000.40 6153014.06
5646007.25 6153157.98
5646003.83 6153274.48
5646007.25 6153397.84
5646041.55 6153517.77
5646103.28 6153610.29
5646144.43 6153661.68
5646185.58 6153754.20
5646247.31 6153857.00
5646285.04 6153942.66
5646336.48 6154031.75
5646387.92 6154103.71
5646435.93 6154172.24
5646490.80 6154244.20
5646531.96 6154309.31
5646573.11 6154394.97
5646610.83 6154470.36
5646655.41 6154624.55
5646672.56 6154696.51
5646689.71 6154816.44
5646696.57 6154915.81
5646710.29 6154994.62
5646724.00 6155121.40
5646724.00 6155285.88
5646734.29 6155402.38
5646796.02 6155515.46
5646844.03 6155594.27
5646881.76 6155635.39
5646960.63 6155690.22
5647001.79 6155724.48
5647029.22 6155837.56
5647066.94 6155933.50
5647138.96 6156142.52
5647157.96 6156248.99
5647188.44 6156355.51
5647188.44 6156462.04
5647218.92 6156583.78
5647218.92 6157359.89
5647234.15 6157466.41
5647340.82 6157588.16
5647386.53 6157694.68
5647386.53 6158333.83
5647401.77 6158440.35
5647432.24 6158546.88
5647495.09 6158683.87
5647518.37 6158794.31
5647564.94 6158910.56
5647840.89 6159812.35
5648117.86 6160657.21
5648255.08 6160689.35
5648263.36 6160645.59
5648483.64 6160658.92
5648696.97 6160658.92
5648804.64 6160744.40
5648961.79 6160744.40
5649545.56 6161298.32
5649586.30 6161251.82
5649749.27 6161426.20
5649935.52 6161437.82
5650302.19 6161083.25
5650449.30 6161115.45
5650479.78 6161221.98
5650540.73 6161328.50
5650632.16 6161435.03
5650815.01 6161632.86
5651083.85 6161811.55
5651357.40 6161538.36
5651613.49 6161718.55
5651608.66 6161794.99
5651608.56 6161795.12
5651608.65 6161795.18
5651608.56 6161796.56
5651609.32 6161795.60
5652149.85 6162136.80
5652904.34 6163012.97
5653626.38 6163605.19
5654250.83 6164284.31
5655301.68 6163528.12
5655987.22 6162919.67
5655654.59 6161974.54
